315813 367649 560518
686220 272008 256835
688604 315820 283554
270184 555878 556267
49243 229505 284961
290971 56418 112564
604241 218955 440699
144112 239518 417909
449086 460764 602792
455658 417806 293014
644125 114450 132050
64527 222703 240965
487833 309528 200192
408545 574965 288516
531974 80983 441974
512633 367722 147469
169489 355804 629492
669888 643501 510481
440108 367759 559099
549244 495921 92311
249146 248456 210736
429308 636949 685294
137518 190067 569052
152823 332059 251511
294839 411678 157426
435498 435647 387563
430903 430728 43621
43481 430903 387592
114737 435090 639216
654444 430325 64797
698083 22258 588166
698095 41951 100196
702850 366626 381212
635148 470385 696095
381978 547524 260407
187408 175934 144878
187408 576139 187447
49343 596172 686690
187455 187415 21628
21679 187455 612083
EXIT
