wiki

china provinces: 315813 367649 560518; 686220 272008 256835; 688604 315820 283554; 270184 555878 556267; 49243 229505 284961
us states: 290971 56418 112564; 604241 218955 440699; 144112 239518 417909; 449086 460764 602792; 455658 417806 293014
countries: 644125 114450 132050; 64527 222703 240965; 487833 309528 200192; 408545 574965 288516; 531974 80983 441974
parties: 512633 367722 147469; 169489 355804 629492; 669888 643501 510481; 440108 367759 559099; 549244 495921 92311
companies: 249146 248456 210736; 429308 636949 685294; 137518 190067 569052; 152823 332059 251511; 294839 411678 157426
sports_leagues: 435498 435647 387563; 430903 430728 43621; 43481 430903 387592; 114737 435090 639216; 654444 430325 64797
diseases: 698083 22258 588166; 698095 41951 100196; 702850 366626 381212; 635148 470385 696095; 381978 547524 260407
tv channels: 187408 175934 144878; 187408 576139 187447; 49343 596172 686690; 187455 187415 21628; 21679 187455 612083


Multi-set (wiki):
canadian provinces: 458960 500066 34818
china provinces: 315813 367649 560518
us states: 290971 56418 112564
mexican states:  ???


apr

countries: 53862 114149 99092; 93219 53863 24981; 53914 42708 114008; 81511 121241 25297; 108659 53805 45820
parties: 33227 45892 67184; 52038 108379 83032; 69756 17801 108581; 114007 108482 31364; 87584 101347 121590
us states: 108504 44061 24716; 53846 81313 81314; 98947 85816 71837; 63042 117906 71685; 9992 71690 71809
laws: 85999 11419 87440; 76112 114632 43807; 93101 117595 45356; 94708 43792 45326; 30343 36064 114639


pubmed

hormones: 73350 112498 45166; 48557 67275 6534; 61222 90634 6855; 112174 49136 26163; 12445 67352 110696
cardio: 41980 110777 9928 (pending???)
